# serialized Convex data file.
# It is simplest .obj file.
# number of vertices: 48
# number of triangles: 16

# vertices:
v -4.30159e-008 1 -4.30159e-008
v -0.211325 0.57735 0.788675
v 0.788675 0.57735 -0.211325
v -0.244017 -0.333333 0.910684
v 0.577351 -0.57735 0.577351
v -0.211325 0.57735 0.788675
v 0.910684 -0.333333 -0.244017
v 0.788675 0.57735 -0.211325
v 0.577351 -0.57735 0.577351
v -0.211325 0.57735 0.788675
v 0.577351 -0.57735 0.577351
v 0.788675 0.57735 -0.211325
v -4.30159e-008 1 -4.30159e-008
v -0.57735 0.57735 -0.57735
v -0.211325 0.57735 0.788675
v -0.666667 -0.333333 -0.666667
v -0.788676 -0.57735 0.211325
v -0.57735 0.57735 -0.57735
v -0.244017 -0.333333 0.910684
v -0.211325 0.57735 0.788675
v -0.788676 -0.57735 0.211325
v -0.57735 0.57735 -0.57735
v -0.788676 -0.57735 0.211325
v -0.211325 0.57735 0.788675
v -4.30159e-008 1 -4.30159e-008
v 0.788675 0.57735 -0.211325
v -0.57735 0.57735 -0.57735
v 0.910684 -0.333333 -0.244017
v 0.211325 -0.57735 -0.788676
v 0.788675 0.57735 -0.211325
v -0.666667 -0.333333 -0.666667
v -0.57735 0.57735 -0.57735
v 0.211325 -0.57735 -0.788676
v 0.788675 0.57735 -0.211325
v 0.211325 -0.57735 -0.788676
v -0.57735 0.57735 -0.57735
v 0.910684 -0.333333 -0.244017
v 0.577351 -0.57735 0.577351
v 0.211325 -0.57735 -0.788676
v -0.244017 -0.333333 0.910684
v -0.788676 -0.57735 0.211325
v 0.577351 -0.57735 0.577351
v -0.666667 -0.333333 -0.666667
v 0.211325 -0.57735 -0.788676
v -0.788676 -0.57735 0.211325
v 0.577351 -0.57735 0.577351
v -0.788676 -0.57735 0.211325
v 0.211325 -0.57735 -0.788676

# faces:
f 1 2 3
f 4 5 6
f 7 8 9
f 10 11 12
f 13 14 15
f 16 17 18
f 19 20 21
f 22 23 24
f 25 26 27
f 28 29 30
f 31 32 33
f 34 35 36
f 37 38 39
f 40 41 42
f 43 44 45
f 46 47 48
